# PSC, Per-sample counts. Note that the ref/het/hom counts include only SNPs, for indels see PSI. The rest include both SNPs and indels.
# PSC	[2]id	[3]sample	[4]nRefHom	[5]nNonRefHom	[6]nHets	[7]nTransitions	[8]nTransversions	[9]nIndels	[10]average depth	[11]nSingletons	[12]nHapRef	[13]nHapAlt	[14]nMissing
PSC	0	Sample_P01-A01-208-AMA-2	5931	22	5	17	10	0	161.9	4	0	0	0
PSC	0	Sample_P01-A02-245-GA-2	5935	23	0	14	9	0	200.6	0	0	0	0
PSC	0	Sample_P01-A03-283-MOR-2	5882	23	53	47	29	0	230.9	53	0	0	0
PSC	0	Sample_P01-A04-303-SCA-2	5912	23	23	29	17	0	195.4	23	0	0	0
PSC	0	Sample_P01-A05-325-TRI-2	5926	23	3	16	10	0	141.7	3	0	0	6
PSC	0	Sample_P01-A06-343-JUW-2	5934	23	1	14	10	0	207.8	1	0	0	0
PSC	0	Sample_P01-A07-357-ALB-2	5932	23	1	15	9	0	198.0	1	0	0	2
PSC	0	Sample_P01-A08-371-SOF-2	5906	23	29	33	19	0	189.4	29	0	0	0
PSC	0	Sample_P01-A09-383-F21-2	5933	23	0	14	9	0	244.7	0	0	0	2
PSC	0	Sample_P01-A10-398-VAL-2	5904	23	31	30	24	0	180.0	31	0	0	0
PSC	0	Sample_P01-B01-215-AX-2	5924	23	6	17	12	0	169.4	6	0	0	5
PSC	0	Sample_P01-B02-246-GM-2	5932	23	3	14	12	0	171.6	3	0	0	0
PSC	0	Sample_P01-B03-285-NL-2	5919	23	16	19	20	0	198.1	16	0	0	0
PSC	0	Sample_P01-B04-304-SER-2	5935	23	0	14	9	0	175.4	0	0	0	0
PSC	0	Sample_P01-B05-333-WEG-2	5934	23	0	14	9	0	147.3	0	0	0	1
PSC	0	Sample_P01-B06-344-BET-2	5907	23	28	33	18	0	143.1	28	0	0	0
PSC	0	Sample_P01-B07-360-DAR-2	5932	23	0	14	9	0	155.3	0	0	0	3
PSC	0	Sample_P01-B08-372-STR-2	5913	23	13	24	12	0	133.7	13	0	0	9
PSC	0	Sample_P01-B09-391-F76-2	5930	23	0	14	9	0	166.3	0	0	0	5
PSC	0	Sample_P01-B10-399-CAR-2	5889	23	46	46	23	0	189.7	46	0	0	0
PSC	0	Sample_P01-C01-218-BAV-2	5935	23	0	14	9	0	182.7	0	0	0	0
PSC	0	Sample_P01-C02-250-JE-2	5935	23	0	14	9	0	201.5	0	0	0	0
PSC	0	Sample_P01-C03-288-OT-2	5781	22	155	113	64	0	316.5	154	0	0	0
PSC	0	Sample_P01-C04-305-SeS-2	5871	23	63	53	33	0	196.0	63	0	0	1
PSC	0	Sample_P01-C05-334-YD-2	5930	23	5	17	11	0	189.8	5	0	0	0
PSC	0	Sample_P01-C06-345-SOL-2	5934	23	0	14	9	0	259.0	0	0	0	1
PSC	0	Sample_P01-C07-361-DJ-2	5933	23	0	14	9	0	238.9	0	0	0	2
PSC	0	Sample_P01-C09-392-F60-2	5923	23	2	16	9	0	201.4	2	0	0	10
PSC	0	Sample_P01-C10-400-BOS-2	5924	23	0	14	9	0	77.2	0	0	0	11
PSC	0	Sample_P01-D02-256-KAR-2	5925	23	9	21	11	0	209.1	9	0	0	1
PSC	0	Sample_P01-D03-292-PAR-2	5894	23	38	36	25	0	204.9	38	0	0	3
PSC	0	Sample_P01-D04-311-S07-2	5931	23	4	18	9	0	162.5	4	0	0	0
PSC	0	Sample_P01-D05-336-PE-2	5935	23	0	14	9	0	208.0	0	0	0	0
PSC	0	Sample_P01-D06-348-SAJ-2	5930	23	0	14	9	0	143.1	0	0	0	5
PSC	0	Sample_P01-D07-362-EuG-2	5926	23	0	14	9	0	205.8	0	0	0	9
PSC	0	Sample_P01-D08-374-MOG-2	5931	23	4	16	11	0	77.4	4	0	0	0
PSC	0	Sample_P01-D09-393-MUS-2	5788	23	146	109	60	0	180.5	146	0	0	1
PSC	0	Sample_P01-D10-141-MA-2	5928	23	0	14	9	0	130.4	0	0	0	7
PSC	0	Sample_P01-E01-225-BUE-2	5815	23	120	98	45	0	164.6	120	0	0	0
PSC	0	Sample_P01-E02-258-KUB-2	5933	23	2	15	10	0	143.6	2	0	0	0
PSC	0	Sample_P01-E03-297-QA-2	5934	23	0	14	9	0	184.9	0	0	0	1
PSC	0	Sample_P01-E04-315-SPR-2	5925	23	6	17	12	0	163.4	6	0	0	4
PSC	0	Sample_P01-E05-337-KRO-2	5935	23	0	14	9	0	212.1	0	0	0	0
PSC	0	Sample_P01-E06-350-S274-2	5908	23	27	30	20	0	179.2	27	0	0	0
PSC	0	Sample_P01-E07-363-EuS-2	5931	22	1	14	9	0	177.8	0	0	0	4
PSC	0	Sample_P01-E08-375-F28-2	5914	23	15	23	15	0	197.7	15	0	0	6
PSC	0	Sample_P01-E09-394-SOU-2	5431	22	505	300	227	0	186.3	504	0	0	0
PSC	0	Sample_P01-E10-160-SH-2	5934	23	0	14	9	0	192.7	0	0	0	1
PSC	0	Sample_P01-F01-240-EuF-2	5905	23	28	33	18	0	142.2	28	0	0	2
PSC	0	Sample_P01-F02-259-KUR-2	5935	23	0	14	9	0	207.9	0	0	0	0
PSC	0	Sample_P01-F03-298-RAM-2	5929	23	6	19	10	0	148.9	6	0	0	0
PSC	0	Sample_P01-F04-316-StP-2	5893	23	34	38	19	0	173.7	34	0	0	8
PSC	0	Sample_P01-F05-339-SEV-2	5935	23	0	14	9	0	221.5	0	0	0	0
PSC	0	Sample_P01-F06-351-S2pa-2	5927	23	5	16	12	0	172.8	5	0	0	3
PSC	0	Sample_P01-F07-364-JUB-2	5840	23	93	63	53	0	196.9	93	0	0	2
PSC	0	Sample_P01-F08-378-F10-2	5929	23	1	15	9	0	236.4	1	0	0	5
PSC	0	Sample_P01-F09-395-ACO-2	5828	23	107	72	58	0	208.9	107	0	0	0
PSC	0	Sample_P01-G01-241-EuR-2	5922	22	10	19	13	0	173.6	9	0	0	4
PSC	0	Sample_P01-G02-279-MAX-2	5900	23	35	39	19	0	176.3	35	0	0	0
PSC	0	Sample_P01-G03-299-REG-2	5931	23	0	14	9	0	176.0	0	0	0	4
PSC	0	Sample_P01-G04-317-STI-2	5930	23	0	14	9	0	182.2	0	0	0	5
PSC	0	Sample_P01-G05-340-SEL-2	5930	23	0	14	9	0	160.0	0	0	0	5
PSC	0	Sample_P01-G06-354-M10-2	5803	23	129	87	65	0	159.7	129	0	0	3
PSC	0	Sample_P01-G07-366-MAL-2	5928	23	7	18	12	0	185.5	7	0	0	0
PSC	0	Sample_P01-G08-380-F33-2	5926	23	8	20	11	0	154.2	8	0	0	1
PSC	0	Sample_P01-G09-396-ERI-2	5905	23	25	30	18	0	208.6	25	0	0	5
PSC	0	Sample_P01-H01-242-EuV-2	5933	23	2	14	11	0	165.1	2	0	0	0
PSC	0	Sample_P01-H02-281-MEL-2	5934	23	0	14	9	0	181.7	0	0	0	1
PSC	0	Sample_P01-H03-302-SAP-2	5932	22	1	14	9	0	144.2	0	0	0	3
PSC	0	Sample_P01-H04-319-TAR-2	5922	23	11	18	16	0	171.2	11	0	0	2
PSC	0	Sample_P01-H05-342-BIG-2	5930	23	2	14	11	0	184.6	2	0	0	3
PSC	0	Sample_P01-H06-355-M5-2	5902	23	30	33	20	0	186.7	30	0	0	3
PSC	0	Sample_P01-H07-370-SKA-2	5673	23	256	153	126	0	230.8	256	0	0	6
PSC	0	Sample_P01-H08-381-F74-2	5935	23	0	14	9	0	195.2	0	0	0	0
PSC	0	Sample_P01-H09-397-ALO-2	5927	23	5	18	10	0	171.2	5	0	0	3
PSC	0	Sample_P1-A01-001-AD	5935	23	0	14	9	0	525.7	0	0	0	0
PSC	0	Sample_P1-A02-009-AV	5928	23	7	17	13	0	549.3	7	0	0	0
PSC	0	Sample_P1-A03-017-BR	5839	21	98	64	55	0	645.4	96	0	0	0
PSC	0	Sample_P1-A04-025-CN	5934	23	1	15	9	0	528.3	1	0	0	0
PSC	0	Sample_P1-A05-033-CO	5935	23	0	14	9	0	522.2	0	0	0	0
PSC	0	Sample_P1-A06-041-DY	5840	23	95	71	47	0	494.0	95	0	0	0
PSC	0	Sample_P1-A07-049-DK	5927	23	5	16	12	0	503.7	5	0	0	3
PSC	0	Sample_P1-A08-057-IN	5922	23	13	23	13	0	539.2	13	0	0	0
PSC	0	Sample_P1-A09-065-CQ	5900	23	35	36	22	0	684.6	35	0	0	0
PSC	0	Sample_P1-A10-073-MM	5910	23	24	29	18	0	599.4	24	0	0	1
PSC	0	Sample_P1-A11-081-RD	5935	23	0	14	9	0	627.8	0	0	0	0
PSC	0	Sample_P1-A12-089-SM	5724	23	211	150	84	0	519.5	211	0	0	0
PSC	0	Sample_P1-B01-002-AC	5934	23	0	14	9	0	526.7	0	0	0	1
PSC	0	Sample_P1-B02-010-AB	5928	23	7	19	11	0	564.9	7	0	0	0
PSC	0	Sample_P1-B03-018-BL	5933	23	0	14	9	0	534.6	0	0	0	2
PSC	0	Sample_P1-B04-026-CY	5920	23	14	21	16	0	516.9	14	0	0	1
PSC	0	Sample_P1-B05-034-CU	5935	23	0	14	9	0	530.3	0	0	0	0
PSC	0	Sample_P1-B06-042-EB	5934	23	0	14	9	0	584.3	0	0	0	1
PSC	0	Sample_P1-B07-050-GL	5925	23	10	22	11	0	474.3	10	0	0	0
PSC	0	Sample_P1-B08-058-IR	5935	23	0	14	9	0	400.0	0	0	0	0
PSC	0	Sample_P1-B09-066-LI	5885	23	48	43	28	0	576.1	48	0	0	2
PSC	0	Sample_P1-B10-074-ML	5935	23	0	14	9	0	562.2	0	0	0	0
PSC	0	Sample_P1-B11-082-RY	5764	23	171	113	81	0	512.5	171	0	0	0
PSC	0	Sample_P1-B12-090-SI	5933	23	0	14	9	0	475.1	0	0	0	2
PSC	0	Sample_P1-C01-003-AL	5935	23	0	14	9	0	502.6	0	0	0	0
PSC	0	Sample_P1-C02-011-AA	5935	23	0	14	9	0	494.2	0	0	0	0
PSC	0	Sample_P1-C03-019-B03	5903	23	31	31	23	0	771.9	31	0	0	1
PSC	0	Sample_P1-C04-027-CL	5935	23	0	14	9	0	553.0	0	0	0	0
PSC	0	Sample_P1-C05-035-DA	5915	21	22	28	15	0	584.2	20	0	0	0
PSC	0	Sample_P1-C06-043-EM	5899	23	36	37	22	0	669.1	36	0	0	0
PSC	0	Sample_P1-C07-051-GW	5809	20	129	89	60	0	702.6	126	0	0	0
PSC	0	Sample_P1-C08-059-JZ	5892	23	40	38	25	0	556.9	40	0	0	3
PSC	0	Sample_P1-C09-067-MU	5934	23	0	14	9	0	670.8	0	0	0	1
PSC	0	Sample_P1-C10-075-MZ	5935	23	0	14	9	0	579.2	0	0	0	0
PSC	0	Sample_P1-C11-083-RU	5921	23	14	23	14	0	666.1	14	0	0	0
PSC	0	Sample_P1-C12-091-SD	5934	23	1	15	9	0	600.5	1	0	0	0
PSC	0	Sample_P1-D01-004-AN	5935	23	0	14	9	0	461.8	0	0	0	0
PSC	0	Sample_P1-D02-012-AY	5877	23	53	49	27	0	555.7	53	0	0	5
PSC	0	Sample_P1-D03-020-B11	5848	22	88	61	49	0	794.2	87	0	0	0
PSC	0	Sample_P1-D04-028-CR	5935	23	0	14	9	0	559.0	0	0	0	0
PSC	0	Sample_P1-D05-036-DR	5895	23	39	34	28	0	610.3	39	0	0	1
PSC	0	Sample_P1-D06-044-FU	5935	23	0	14	9	0	438.8	0	0	0	0
PSC	0	Sample_P1-D07-052-HA	5935	23	0	14	9	0	580.1	0	0	0	0
PSC	0	Sample_P1-D08-060-JO	5935	23	0	14	9	0	486.0	0	0	0	0
PSC	0	Sample_P1-D09-068-MR	5935	23	0	14	9	0	549.1	0	0	0	0
PSC	0	Sample_P1-D10-076-PM	5935	23	0	14	9	0	548.9	0	0	0	0
PSC	0	Sample_P1-D11-084-SB	5935	23	0	14	9	0	672.3	0	0	0	0
PSC	0	Sample_P1-D12-092-SU	5935	23	0	14	9	0	536.7	0	0	0	0
PSC	0	Sample_P1-E01-005-AE	5932	23	1	14	10	0	486.0	1	0	0	2
PSC	0	Sample_P1-E02-013-AZ	5928	23	7	18	12	0	488.3	7	0	0	0
PSC	0	Sample_P1-E03-021-BT	5934	23	1	14	10	0	514.1	1	0	0	0
PSC	0	Sample_P1-E04-029-CE	5934	23	1	15	9	0	543.9	1	0	0	0
PSC	0	Sample_P1-E05-037-DB	5927	23	8	19	12	0	695.5	8	0	0	0
PSC	0	Sample_P1-E07-053-HE	5891	23	44	42	25	0	535.4	44	0	0	0
PSC	0	Sample_P1-E08-061-DO	5929	23	6	17	12	0	522.6	6	0	0	0
PSC	0	Sample_P1-E09-069-MP	5923	23	10	20	13	0	570.8	10	0	0	2
PSC	0	Sample_P1-E10-077-PD	5851	23	84	61	46	0	506.0	84	0	0	0
PSC	0	Sample_P1-E11-085-SF	5935	23	0	14	9	0	652.4	0	0	0	0
PSC	0	Sample_P1-E12-093-SR	5934	23	0	14	9	0	584.5	0	0	0	1
PSC	0	Sample_P1-F01-006-AO	5791	23	144	86	81	0	476.8	144	0	0	0
PSC	0	Sample_P1-F02-014-AT	5862	23	73	65	31	0	620.1	73	0	0	0
PSC	0	Sample_P1-F03-022-BO	5933	23	0	14	9	0	525.7	0	0	0	2
PSC	0	Sample_P1-F04-030-CH	5935	23	0	14	9	0	543.3	0	0	0	0
PSC	0	Sample_P1-F05-038-DM	5934	23	1	15	9	0	670.1	1	0	0	0
PSC	0	Sample_P1-F06-046-FE	5935	23	0	14	9	0	598.7	0	0	0	0
PSC	0	Sample_P1-F07-054-HR	5932	23	3	16	10	0	594.0	3	0	0	0
PSC	0	Sample_P1-F08-062-KE	5931	23	4	15	12	0	810.8	4	0	0	0
PSC	0	Sample_P1-F09-070-MK	5935	23	0	14	9	0	537.9	0	0	0	0
PSC	0	Sample_P1-F10-078-PI	5929	23	6	16	13	0	732.6	6	0	0	0
PSC	0	Sample_P1-F11-086-SG	5921	23	14	23	14	0	628.5	14	0	0	0
PSC	0	Sample_P1-F12-094-TA	5934	23	1	14	10	0	543.3	1	0	0	0
PSC	0	Sample_P1-G01-007-AH	5823	22	113	86	49	0	446.1	112	0	0	0
PSC	0	Sample_P1-G02-015-AU	5935	23	0	14	9	0	617.4	0	0	0	0
PSC	0	Sample_P1-G03-023-CA	5933	23	0	14	9	0	489.0	0	0	0	2
PSC	0	Sample_P1-G04-031-CK	5864	23	71	57	37	0	641.0	71	0	0	0
PSC	0	Sample_P1-G05-039-DI	5930	23	5	18	10	0	554.9	5	0	0	0
PSC	0	Sample_P1-G06-047-FL	5935	23	0	14	9	0	572.4	0	0	0	0
PSC	0	Sample_P1-G07-055-HM	5935	23	0	14	9	0	593.5	0	0	0	0
PSC	0	Sample_P1-G08-063-KU	5935	23	0	14	9	0	560.9	0	0	0	0
PSC	0	Sample_P1-G09-071-MG	5890	22	9	17	14	0	614.0	8	0	0	37
PSC	0	Sample_P1-G10-079-RA	5899	23	36	40	19	0	540.9	36	0	0	0
PSC	0	Sample_P1-G11-087-SAN	5935	23	0	14	9	0	514.5	0	0	0	0
PSC	0	Sample_P1-G12-095-TR	5934	23	0	14	9	0	661.1	0	0	0	1
PSC	0	Sample_P1-H01-008-ALT	5920	23	15	23	15	0	477.7	15	0	0	0
PSC	0	Sample_P1-H02-016-BF	5935	23	0	14	9	0	535.5	0	0	0	0
PSC	0	Sample_P1-H03-024-CM	5849	23	86	69	40	0	484.5	86	0	0	0
PSC	0	Sample_P1-H04-032-CP	5935	23	0	14	9	0	587.8	0	0	0	0
PSC	0	Sample_P1-H05-040-DF	5934	23	1	14	10	0	559.9	1	0	0	0
PSC	0	Sample_P1-H06-048-FN	5935	23	0	14	9	0	708.6	0	0	0	0
PSC	0	Sample_P1-H07-056-IS	5915	19	19	24	14	0	626.4	15	0	0	5
PSC	0	Sample_P1-H08-064-LV	5934	23	0	14	9	0	614.0	0	0	0	1
PSC	0	Sample_P1-H09-072-MT	5916	22	9	18	13	0	453.6	8	0	0	11
PSC	0	Sample_P1-H10-080-RI	5903	23	32	33	22	0	766.6	32	0	0	0
PSC	0	Sample_P1-H11-088-ST	5935	23	0	14	9	0	713.9	0	0	0	0
PSC	0	Sample_P1-H12-096-TY	5935	23	0	14	9	0	625.7	0	0	0	0
PSC	0	Sample_P2-A01-097-VN	5348	23	575	359	239	0	455.4	575	0	0	12
PSC	0	Sample_P2-A02-105-AM	5926	23	9	18	14	0	564.5	9	0	0	0
PSC	0	Sample_P2-A03-113-DS	5935	23	0	14	9	0	504.4	0	0	0	0
PSC	0	Sample_P2-A04-122-FB	5935	23	0	14	9	0	448.6	0	0	0	0
PSC	0	Sample_P2-A05-130-KD	5934	23	1	15	9	0	392.1	1	0	0	0
PSC	0	Sample_P2-A06-139-LS	5935	23	0	14	9	0	439.8	0	0	0	0
PSC	0	Sample_P2-A07-149-PA	5932	23	3	15	11	0	530.1	3	0	0	0
PSC	0	Sample_P2-A08-157-RN	5931	23	3	14	12	0	438.8	3	0	0	1
PSC	0	Sample_P2-A09-167-TL	5929	23	6	18	11	0	625.9	6	0	0	0
PSC	0	Sample_P2-A10-175-SY	5923	23	12	19	16	0	525.1	12	0	0	0
PSC	0	Sample_P2-A11-183-BA	5933	23	2	16	9	0	514.5	2	0	0	0
PSC	0	Sample_P2-B01-098-VY	5935	23	0	14	9	0	402.1	0	0	0	0
PSC	0	Sample_P2-B02-106-AMS	5935	23	0	14	9	0	435.5	0	0	0	0
PSC	0	Sample_P2-B03-114-EZ	5935	23	0	14	9	0	445.4	0	0	0	0
PSC	0	Sample_P2-B04-123-GS	5933	23	0	14	9	0	454.6	0	0	0	2
PSC	0	Sample_P2-B05-132-KK	5934	23	1	15	9	0	623.1	1	0	0	0
PSC	0	Sample_P2-B06-140-Liu	5925	23	10	20	13	0	509.6	10	0	0	0
PSC	0	Sample_P2-B07-150-PV	5927	23	8	19	12	0	590.1	8	0	0	0
PSC	0	Sample_P2-B08-159-SL	5935	23	0	14	9	0	529.5	0	0	0	0
PSC	0	Sample_P2-B09-168-UL	5931	23	1	15	9	0	497.9	1	0	0	3
PSC	0	Sample_P2-B10-176-MO	5935	23	0	14	9	0	475.5	0	0	0	0
PSC	0	Sample_P2-B11-184-BI	5935	23	0	14	9	0	448.9	0	0	0	0
PSC	0	Sample_P2-B12-192-RB	5930	23	4	18	9	0	434.4	4	0	0	1
PSC	0	Sample_P2-C01-099-VR	5931	23	4	17	10	0	458.6	4	0	0	0
PSC	0	Sample_P2-C02-107-ALU	5932	23	1	15	9	0	412.0	1	0	0	2
PSC	0	Sample_P2-C03-115-ED	5934	23	1	15	9	0	622.2	1	0	0	0
PSC	0	Sample_P2-C04-124-HN	5935	23	0	14	9	0	436.8	0	0	0	0
PSC	0	Sample_P2-C05-133-KG	5934	23	1	15	9	0	501.2	1	0	0	0
PSC	0	Sample_P2-C06-142-MI	5934	23	0	14	9	0	458.8	0	0	0	1
PSC	0	Sample_P2-C07-151-PO	5933	23	2	15	10	0	529.6	2	0	0	0
PSC	0	Sample_P2-C08-161-SIE	5931	23	4	16	11	0	535.6	4	0	0	0
PSC	0	Sample_P2-C09-169-VI	5935	23	0	14	9	0	645.1	0	0	0	0
PSC	0	Sample_P2-C10-177-TO	5602	22	334	229	127	0	492.4	333	0	0	0
PSC	0	Sample_P2-C11-185-EV	5913	23	22	29	16	0	484.1	22	0	0	0
PSC	0	Sample_P2-D01-100-YU	5897	23	36	42	17	0	528.5	36	0	0	2
PSC	0	Sample_P2-D02-108-BB	5821	23	114	79	58	0	442.6	114	0	0	0
PSC	0	Sample_P2-D03-116-FS	5935	23	0	14	9	0	511.1	0	0	0	0
PSC	0	Sample_P2-D04-125-HY	5935	23	0	14	9	0	476.2	0	0	0	0
PSC	0	Sample_P2-D05-134-KN	5931	23	2	15	10	0	396.6	2	0	0	2
PSC	0	Sample_P2-D06-143-ME	5934	23	0	14	9	0	327.3	0	0	0	1
PSC	0	Sample_P2-D07-152-PR	5934	23	1	15	9	0	405.3	1	0	0	0
PSC	0	Sample_P2-D08-162-SN	5933	23	1	15	9	0	456.4	1	0	0	1
PSC	0	Sample_P2-D09-170-VG	5874	23	58	46	35	0	474.4	58	0	0	3
PSC	0	Sample_P2-D10-178-SA	5935	23	0	14	9	0	463.9	0	0	0	0
PSC	0	Sample_P2-D11-186-FA	5924	23	11	20	14	0	424.1	11	0	0	0
PSC	0	Sample_P2-D12-194-RO	5935	23	0	14	9	0	531.9	0	0	0	0
PSC	0	Sample_P2-E01-101-ZA	5776	23	159	115	67	0	410.5	159	0	0	0
PSC	0	Sample_P2-E02-109-BC	5935	23	0	14	9	0	493.4	0	0	0	0
PSC	0	Sample_P2-E03-117-FG	5935	23	0	14	9	0	443.8	0	0	0	0
PSC	0	Sample_P2-E04-126-ID	5932	23	3	16	10	0	572.9	3	0	0	0
PSC	0	Sample_P2-E05-135-KR	5926	23	9	19	13	0	534.4	9	0	0	0
PSC	0	Sample_P2-E06-144-NE	5934	23	0	14	9	0	426.9	0	0	0	1
PSC	0	Sample_P2-E07-153-RE	5871	23	63	55	31	0	460.6	63	0	0	1
PSC	0	Sample_P2-E08-163-SJ	5913	23	21	30	14	0	477.9	21	0	0	1
PSC	0	Sample_P2-E09-171-WE	5933	23	0	14	9	0	433.8	0	0	0	2
PSC	0	Sample_P2-E10-179-AG	5935	23	0	14	9	0	432.9	0	0	0	0
PSC	0	Sample_P2-E11-187-FO	5935	23	0	14	9	0	581.6	0	0	0	0
PSC	0	Sample_P2-E12-197-LP	5928	23	7	18	12	0	551.3	7	0	0	0
PSC	0	Sample_P2-F01-102-ZR	5934	23	0	14	9	0	417.2	0	0	0	1
PSC	0	Sample_P2-F02-110-BV	5904	23	27	31	19	0	465.4	27	0	0	4
PSC	0	Sample_P2-F03-118-FK	5922	23	13	25	11	0	426.1	13	0	0	0
PSC	0	Sample_P2-F04-127-IK	5809	23	126	93	56	0	436.0	126	0	0	0
PSC	0	Sample_P2-F05-136-KS	5935	23	0	14	9	0	468.5	0	0	0	0
PSC	0	Sample_P2-F06-145-NI	5931	23	3	15	11	0	448.7	3	0	0	1
PSC	0	Sample_P2-F07-154-RK	5916	22	20	28	14	0	415.3	19	0	0	0
PSC	0	Sample_P2-F08-164-SOR	5935	23	0	14	9	0	533.5	0	0	0	0
PSC	0	Sample_P2-F09-172-DE	5934	23	1	14	10	0	500.2	1	0	0	0
PSC	0	Sample_P2-F10-180-LD	5933	23	2	16	9	0	501.7	2	0	0	0
PSC	0	Sample_P2-F11-188-KO	5935	23	0	14	9	0	552.2	0	0	0	0
PSC	0	Sample_P2-G01-103-ZO	5933	23	0	14	9	0	512.9	0	0	0	2
PSC	0	Sample_P2-G02-111-CT	5934	23	1	15	9	0	448.9	1	0	0	0
PSC	0	Sample_P2-G03-119-FI	5934	23	0	14	9	0	421.8	0	0	0	1
PSC	0	Sample_P2-G04-128-JA	5934	23	0	14	9	0	431.5	0	0	0	1
PSC	0	Sample_P2-G05-137-L77	5935	23	0	14	9	0	561.9	0	0	0	0
PSC	0	Sample_P2-G06-146-NO	5935	23	0	14	9	0	399.8	0	0	0	0
PSC	0	Sample_P2-G07-155-RT	5935	23	0	14	9	0	427.5	0	0	0	0
PSC	0	Sample_P2-G08-165-SZ	5915	23	19	28	14	0	443.9	19	0	0	1
PSC	0	Sample_P2-G09-173-SO	5917	23	18	23	18	0	665.0	18	0	0	0
PSC	0	Sample_P2-G10-181-PC	5923	23	12	24	11	0	419.9	12	0	0	0
PSC	0	Sample_P2-G11-189-LC	5881	23	54	45	32	0	419.9	54	0	0	0
PSC	0	Sample_P2-H01-104-AK	5934	23	1	14	10	0	577.6	1	0	0	0
PSC	0	Sample_P2-H02-112-DN	5927	23	6	16	13	0	475.6	6	0	0	2
PSC	0	Sample_P2-H03-121-FGI	5933	23	0	14	9	0	457.2	0	0	0	2
PSC	0	Sample_P2-H04-129-KA	5924	23	10	19	14	0	420.3	10	0	0	1
PSC	0	Sample_P2-H05-138-L197	5932	23	1	15	9	0	405.9	1	0	0	2
PSC	0	Sample_P2-H06-148-OL	5934	23	1	14	10	0	413.5	1	0	0	0
PSC	0	Sample_P2-H07-156-RL	5935	23	0	14	9	0	579.3	0	0	0	0
PSC	0	Sample_P2-H08-166-TN	5931	23	3	16	10	0	523.6	3	0	0	1
PSC	0	Sample_P2-H09-174-SP	5935	23	0	14	9	0	415.2	0	0	0	0
PSC	0	Sample_P2-H10-182-AS	5935	23	0	14	9	0	588.8	0	0	0	0
PSC	0	Sample_P2-H11-190-LR	5935	23	0	14	9	0	592.8	0	0	0	0
